s16bit polys[2399 * 5] = {
0, 1, 1, 0, 0,
1, 2, 1, 0, 1,
2, 3, 1, 0, 2,
3, 4, 1, 0, 3,
4, 5, 1, 0, 4,
5, 6, 1, 0, 5,
6, 7, 1, 0, 6,
7, 8, 1, 0, 7,
8, 9, 1, 0, 8,
9, 10, 1, 0, 9,
10, 11, 1, 0, 10,
11, 12, 1, 0, 11,
12, 13, 1, 0, 12,
13, 14, 1, 0, 13,
14, 15, 1, 0, 14,
15, 16, 1, 0, 15,
16, 17, 1, 0, 16,
17, 18, 1, 0, 17,
18, 19, 1, 0, 18,
19, 20, 1, 0, 19,
20, 21, 1, 0, 20,
21, 22, 1, 0, 21,
22, 23, 1, 0, 22,
23, 24, 1, 0, 23,
24, 25, 1, 0, 24,
25, 26, 1, 0, 25,
26, 27, 1, 0, 26,
27, 28, 1, 0, 27,
28, 29, 1, 0, 28,
29, 30, 1, 0, 29,
30, 31, 1, 0, 30,
31, 32, 1, 0, 31,
32, 33, 1, 0, 32,
33, 34, 1, 0, 33,
34, 35, 1, 0, 34,
35, 36, 1, 0, 35,
36, 37, 1, 0, 36,
37, 38, 1, 0, 37,
38, 39, 1, 0, 38,
39, 40, 1, 0, 39,
40, 41, 1, 0, 40,
41, 42, 1, 0, 41,
42, 43, 1, 0, 42,
43, 44, 1, 0, 43,
44, 45, 1, 0, 44,
45, 46, 1, 0, 45,
46, 47, 1, 0, 46,
47, 48, 1, 0, 47,
48, 49, 1, 0, 48,
0, 1, 51, 50, 0,
1, 2, 51, 50, 1,
2, 3, 51, 50, 2,
3, 4, 51, 50, 3,
4, 5, 51, 50, 4,
5, 6, 51, 50, 5,
6, 7, 51, 50, 6,
7, 8, 51, 50, 7,
8, 9, 51, 50, 8,
9, 10, 51, 50, 9,
10, 11, 51, 50, 10,
11, 12, 51, 50, 11,
12, 13, 51, 50, 12,
13, 14, 51, 50, 13,
14, 15, 51, 50, 14,
15, 16, 51, 50, 15,
16, 17, 51, 50, 16,
17, 18, 51, 50, 17,
18, 19, 51, 50, 18,
19, 20, 51, 50, 19,
20, 21, 51, 50, 20,
21, 22, 51, 50, 21,
22, 23, 51, 50, 22,
23, 24, 51, 50, 23,
24, 25, 51, 50, 24,
25, 26, 51, 50, 25,
26, 27, 51, 50, 26,
27, 28, 51, 50, 27,
28, 29, 51, 50, 28,
29, 30, 51, 50, 29,
30, 31, 51, 50, 30,
31, 32, 51, 50, 31,
32, 33, 51, 50, 32,
33, 34, 51, 50, 33,
34, 35, 51, 50, 34,
35, 36, 51, 50, 35,
36, 37, 51, 50, 36,
37, 38, 51, 50, 37,
38, 39, 51, 50, 38,
39, 40, 51, 50, 39,
40, 41, 51, 50, 40,
41, 42, 51, 50, 41,
42, 43, 51, 50, 42,
43, 44, 51, 50, 43,
44, 45, 51, 50, 44,
45, 46, 51, 50, 45,
46, 47, 51, 50, 46,
47, 48, 51, 50, 47,
48, 49, 51, 50, 48,
0, 1, 101, 100, 0,
1, 2, 101, 100, 1,
2, 3, 101, 100, 2,
3, 4, 101, 100, 3,
4, 5, 101, 100, 4,
5, 6, 101, 100, 5,
6, 7, 101, 100, 6,
7, 8, 101, 100, 7,
8, 9, 101, 100, 8,
9, 10, 101, 100, 9,
10, 11, 101, 100, 10,
11, 12, 101, 100, 11,
12, 13, 101, 100, 12,
13, 14, 101, 100, 13,
14, 15, 101, 100, 14,
15, 16, 101, 100, 15,
16, 17, 101, 100, 16,
17, 18, 101, 100, 17,
18, 19, 101, 100, 18,
19, 20, 101, 100, 19,
20, 21, 101, 100, 20,
21, 22, 101, 100, 21,
22, 23, 101, 100, 22,
23, 24, 101, 100, 23,
24, 25, 101, 100, 24,
25, 26, 101, 100, 25,
26, 27, 101, 100, 26,
27, 28, 101, 100, 27,
28, 29, 101, 100, 28,
29, 30, 101, 100, 29,
30, 31, 101, 100, 30,
31, 32, 101, 100, 31,
32, 33, 101, 100, 32,
33, 34, 101, 100, 33,
34, 35, 101, 100, 34,
35, 36, 101, 100, 35,
36, 37, 101, 100, 36,
37, 38, 101, 100, 37,
38, 39, 101, 100, 38,
39, 40, 101, 100, 39,
40, 41, 101, 100, 40,
41, 42, 101, 100, 41,
42, 43, 101, 100, 42,
43, 44, 101, 100, 43,
44, 45, 101, 100, 44,
45, 46, 101, 100, 45,
46, 47, 101, 100, 46,
47, 48, 101, 100, 47,
48, 49, 101, 100, 48,
0, 1, 151, 150, 0,
1, 2, 151, 150, 1,
2, 3, 151, 150, 2,
3, 4, 151, 150, 3,
4, 5, 151, 150, 4,
5, 6, 151, 150, 5,
6, 7, 151, 150, 6,
7, 8, 151, 150, 7,
8, 9, 151, 150, 8,
9, 10, 151, 150, 9,
10, 11, 151, 150, 10,
11, 12, 151, 150, 11,
12, 13, 151, 150, 12,
13, 14, 151, 150, 13,
14, 15, 151, 150, 14,
15, 16, 151, 150, 15,
16, 17, 151, 150, 16,
17, 18, 151, 150, 17,
18, 19, 151, 150, 18,
19, 20, 151, 150, 19,
20, 21, 151, 150, 20,
21, 22, 151, 150, 21,
22, 23, 151, 150, 22,
23, 24, 151, 150, 23,
24, 25, 151, 150, 24,
25, 26, 151, 150, 25,
26, 27, 151, 150, 26,
27, 28, 151, 150, 27,
28, 29, 151, 150, 28,
29, 30, 151, 150, 29,
30, 31, 151, 150, 30,
31, 32, 151, 150, 31,
32, 33, 151, 150, 32,
33, 34, 151, 150, 33,
34, 35, 151, 150, 34,
35, 36, 151, 150, 35,
36, 37, 151, 150, 36,
37, 38, 151, 150, 37,
38, 39, 151, 150, 38,
39, 40, 151, 150, 39,
40, 41, 151, 150, 40,
41, 42, 151, 150, 41,
42, 43, 151, 150, 42,
43, 44, 151, 150, 43,
44, 45, 151, 150, 44,
45, 46, 151, 150, 45,
46, 47, 151, 150, 46,
47, 48, 151, 150, 47,
48, 49, 151, 150, 48,
0, 1, 201, 200, 0,
1, 2, 201, 200, 1,
2, 3, 201, 200, 2,
3, 4, 201, 200, 3,
4, 5, 201, 200, 4,
5, 6, 201, 200, 5,
6, 7, 201, 200, 6,
7, 8, 201, 200, 7,
8, 9, 201, 200, 8,
9, 10, 201, 200, 9,
10, 11, 201, 200, 10,
11, 12, 201, 200, 11,
12, 13, 201, 200, 12,
13, 14, 201, 200, 13,
14, 15, 201, 200, 14,
15, 16, 201, 200, 15,
16, 17, 201, 200, 16,
17, 18, 201, 200, 17,
18, 19, 201, 200, 18,
19, 20, 201, 200, 19,
20, 21, 201, 200, 20,
21, 22, 201, 200, 21,
22, 23, 201, 200, 22,
23, 24, 201, 200, 23,
24, 25, 201, 200, 24,
25, 26, 201, 200, 25,
26, 27, 201, 200, 26,
27, 28, 201, 200, 27,
28, 29, 201, 200, 28,
29, 30, 201, 200, 29,
30, 31, 201, 200, 30,
31, 32, 201, 200, 31,
32, 33, 201, 200, 32,
33, 34, 201, 200, 33,
34, 35, 201, 200, 34,
35, 36, 201, 200, 35,
36, 37, 201, 200, 36,
37, 38, 201, 200, 37,
38, 39, 201, 200, 38,
39, 40, 201, 200, 39,
40, 41, 201, 200, 40,
41, 42, 201, 200, 41,
42, 43, 201, 200, 42,
43, 44, 201, 200, 43,
44, 45, 201, 200, 44,
45, 46, 201, 200, 45,
46, 47, 201, 200, 46,
47, 48, 201, 200, 47,
48, 49, 201, 200, 48,
0, 1, 251, 250, 0,
1, 2, 251, 250, 1,
2, 3, 251, 250, 2,
3, 4, 251, 250, 3,
4, 5, 251, 250, 4,
5, 6, 251, 250, 5,
6, 7, 251, 250, 6,
7, 8, 251, 250, 7,
8, 9, 251, 250, 8,
9, 10, 251, 250, 9,
10, 11, 251, 250, 10,
11, 12, 251, 250, 11,
12, 13, 251, 250, 12,
13, 14, 251, 250, 13,
14, 15, 251, 250, 14,
15, 16, 251, 250, 15,
16, 17, 251, 250, 16,
17, 18, 251, 250, 17,
18, 19, 251, 250, 18,
19, 20, 251, 250, 19,
20, 21, 251, 250, 20,
21, 22, 251, 250, 21,
22, 23, 251, 250, 22,
23, 24, 251, 250, 23,
24, 25, 251, 250, 24,
25, 26, 251, 250, 25,
26, 27, 251, 250, 26,
27, 28, 251, 250, 27,
28, 29, 251, 250, 28,
29, 30, 251, 250, 29,
30, 31, 251, 250, 30,
31, 32, 251, 250, 31,
32, 33, 251, 250, 32,
33, 34, 251, 250, 33,
34, 35, 251, 250, 34,
35, 36, 251, 250, 35,
36, 37, 251, 250, 36,
37, 38, 251, 250, 37,
38, 39, 251, 250, 38,
39, 40, 251, 250, 39,
40, 41, 251, 250, 40,
41, 42, 251, 250, 41,
42, 43, 251, 250, 42,
43, 44, 251, 250, 43,
44, 45, 251, 250, 44,
45, 46, 251, 250, 45,
46, 47, 251, 250, 46,
47, 48, 251, 250, 47,
48, 49, 251, 250, 48,
0, 1, 301, 300, 0,
1, 2, 301, 300, 1,
2, 3, 301, 300, 2,
3, 4, 301, 300, 3,
4, 5, 301, 300, 4,
5, 6, 301, 300, 5,
6, 7, 301, 300, 6,
7, 8, 301, 300, 7,
8, 9, 301, 300, 8,
9, 10, 301, 300, 9,
10, 11, 301, 300, 10,
11, 12, 301, 300, 11,
12, 13, 301, 300, 12,
13, 14, 301, 300, 13,
14, 15, 301, 300, 14,
15, 16, 301, 300, 15,
16, 17, 301, 300, 16,
17, 18, 301, 300, 17,
18, 19, 301, 300, 18,
19, 20, 301, 300, 19,
20, 21, 301, 300, 20,
21, 22, 301, 300, 21,
22, 23, 301, 300, 22,
23, 24, 301, 300, 23,
24, 25, 301, 300, 24,
25, 26, 301, 300, 25,
26, 27, 301, 300, 26,
27, 28, 301, 300, 27,
28, 29, 301, 300, 28,
29, 30, 301, 300, 29,
30, 31, 301, 300, 30,
31, 32, 301, 300, 31,
32, 33, 301, 300, 32,
33, 34, 301, 300, 33,
34, 35, 301, 300, 34,
35, 36, 301, 300, 35,
36, 37, 301, 300, 36,
37, 38, 301, 300, 37,
38, 39, 301, 300, 38,
39, 40, 301, 300, 39,
40, 41, 301, 300, 40,
41, 42, 301, 300, 41,
42, 43, 301, 300, 42,
43, 44, 301, 300, 43,
44, 45, 301, 300, 44,
45, 46, 301, 300, 45,
46, 47, 301, 300, 46,
47, 48, 301, 300, 47,
48, 49, 301, 300, 48,
0, 1, 351, 350, 0,
1, 2, 351, 350, 1,
2, 3, 351, 350, 2,
3, 4, 351, 350, 3,
4, 5, 351, 350, 4,
5, 6, 351, 350, 5,
6, 7, 351, 350, 6,
7, 8, 351, 350, 7,
8, 9, 351, 350, 8,
9, 10, 351, 350, 9,
10, 11, 351, 350, 10,
11, 12, 351, 350, 11,
12, 13, 351, 350, 12,
13, 14, 351, 350, 13,
14, 15, 351, 350, 14,
15, 16, 351, 350, 15,
16, 17, 351, 350, 16,
17, 18, 351, 350, 17,
18, 19, 351, 350, 18,
19, 20, 351, 350, 19,
20, 21, 351, 350, 20,
21, 22, 351, 350, 21,
22, 23, 351, 350, 22,
23, 24, 351, 350, 23,
24, 25, 351, 350, 24,
25, 26, 351, 350, 25,
26, 27, 351, 350, 26,
27, 28, 351, 350, 27,
28, 29, 351, 350, 28,
29, 30, 351, 350, 29,
30, 31, 351, 350, 30,
31, 32, 351, 350, 31,
32, 33, 351, 350, 32,
33, 34, 351, 350, 33,
34, 35, 351, 350, 34,
35, 36, 351, 350, 35,
36, 37, 351, 350, 36,
37, 38, 351, 350, 37,
38, 39, 351, 350, 38,
39, 40, 351, 350, 39,
40, 41, 351, 350, 40,
41, 42, 351, 350, 41,
42, 43, 351, 350, 42,
43, 44, 351, 350, 43,
44, 45, 351, 350, 44,
45, 46, 351, 350, 45,
46, 47, 351, 350, 46,
47, 48, 351, 350, 47,
48, 49, 351, 350, 48,
0, 1, 401, 400, 0,
1, 2, 401, 400, 1,
2, 3, 401, 400, 2,
3, 4, 401, 400, 3,
4, 5, 401, 400, 4,
5, 6, 401, 400, 5,
6, 7, 401, 400, 6,
7, 8, 401, 400, 7,
8, 9, 401, 400, 8,
9, 10, 401, 400, 9,
10, 11, 401, 400, 10,
11, 12, 401, 400, 11,
12, 13, 401, 400, 12,
13, 14, 401, 400, 13,
14, 15, 401, 400, 14,
15, 16, 401, 400, 15,
16, 17, 401, 400, 16,
17, 18, 401, 400, 17,
18, 19, 401, 400, 18,
19, 20, 401, 400, 19,
20, 21, 401, 400, 20,
21, 22, 401, 400, 21,
22, 23, 401, 400, 22,
23, 24, 401, 400, 23,
24, 25, 401, 400, 24,
25, 26, 401, 400, 25,
26, 27, 401, 400, 26,
27, 28, 401, 400, 27,
28, 29, 401, 400, 28,
29, 30, 401, 400, 29,
30, 31, 401, 400, 30,
31, 32, 401, 400, 31,
32, 33, 401, 400, 32,
33, 34, 401, 400, 33,
34, 35, 401, 400, 34,
35, 36, 401, 400, 35,
36, 37, 401, 400, 36,
37, 38, 401, 400, 37,
38, 39, 401, 400, 38,
39, 40, 401, 400, 39,
40, 41, 401, 400, 40,
41, 42, 401, 400, 41,
42, 43, 401, 400, 42,
43, 44, 401, 400, 43,
44, 45, 401, 400, 44,
45, 46, 401, 400, 45,
46, 47, 401, 400, 46,
47, 48, 401, 400, 47,
48, 49, 401, 400, 48,
0, 1, 451, 450, 0,
1, 2, 451, 450, 1,
2, 3, 451, 450, 2,
3, 4, 451, 450, 3,
4, 5, 451, 450, 4,
5, 6, 451, 450, 5,
6, 7, 451, 450, 6,
7, 8, 451, 450, 7,
8, 9, 451, 450, 8,
9, 10, 451, 450, 9,
10, 11, 451, 450, 10,
11, 12, 451, 450, 11,
12, 13, 451, 450, 12,
13, 14, 451, 450, 13,
14, 15, 451, 450, 14,
15, 16, 451, 450, 15,
16, 17, 451, 450, 16,
17, 18, 451, 450, 17,
18, 19, 451, 450, 18,
19, 20, 451, 450, 19,
20, 21, 451, 450, 20,
21, 22, 451, 450, 21,
22, 23, 451, 450, 22,
23, 24, 451, 450, 23,
24, 25, 451, 450, 24,
25, 26, 451, 450, 25,
26, 27, 451, 450, 26,
27, 28, 451, 450, 27,
28, 29, 451, 450, 28,
29, 30, 451, 450, 29,
30, 31, 451, 450, 30,
31, 32, 451, 450, 31,
32, 33, 451, 450, 32,
33, 34, 451, 450, 33,
34, 35, 451, 450, 34,
35, 36, 451, 450, 35,
36, 37, 451, 450, 36,
37, 38, 451, 450, 37,
38, 39, 451, 450, 38,
39, 40, 451, 450, 39,
40, 41, 451, 450, 40,
41, 42, 451, 450, 41,
42, 43, 451, 450, 42,
43, 44, 451, 450, 43,
44, 45, 451, 450, 44,
45, 46, 451, 450, 45,
46, 47, 451, 450, 46,
47, 48, 451, 450, 47,
48, 49, 451, 450, 48,
0, 1, 501, 500, 0,
1, 2, 501, 500, 1,
2, 3, 501, 500, 2,
3, 4, 501, 500, 3,
4, 5, 501, 500, 4,
5, 6, 501, 500, 5,
6, 7, 501, 500, 6,
7, 8, 501, 500, 7,
8, 9, 501, 500, 8,
9, 10, 501, 500, 9,
10, 11, 501, 500, 10,
11, 12, 501, 500, 11,
12, 13, 501, 500, 12,
13, 14, 501, 500, 13,
14, 15, 501, 500, 14,
15, 16, 501, 500, 15,
16, 17, 501, 500, 16,
17, 18, 501, 500, 17,
18, 19, 501, 500, 18,
19, 20, 501, 500, 19,
20, 21, 501, 500, 20,
21, 22, 501, 500, 21,
22, 23, 501, 500, 22,
23, 24, 501, 500, 23,
24, 25, 501, 500, 24,
25, 26, 501, 500, 25,
26, 27, 501, 500, 26,
27, 28, 501, 500, 27,
28, 29, 501, 500, 28,
29, 30, 501, 500, 29,
30, 31, 501, 500, 30,
31, 32, 501, 500, 31,
32, 33, 501, 500, 32,
33, 34, 501, 500, 33,
34, 35, 501, 500, 34,
35, 36, 501, 500, 35,
36, 37, 501, 500, 36,
37, 38, 501, 500, 37,
38, 39, 501, 500, 38,
39, 40, 501, 500, 39,
40, 41, 501, 500, 40,
41, 42, 501, 500, 41,
42, 43, 501, 500, 42,
43, 44, 501, 500, 43,
44, 45, 501, 500, 44,
45, 46, 501, 500, 45,
46, 47, 501, 500, 46,
47, 48, 501, 500, 47,
48, 49, 501, 500, 48,
0, 1, 551, 550, 0,
1, 2, 551, 550, 1,
2, 3, 551, 550, 2,
3, 4, 551, 550, 3,
4, 5, 551, 550, 4,
5, 6, 551, 550, 5,
6, 7, 551, 550, 6,
7, 8, 551, 550, 7,
8, 9, 551, 550, 8,
9, 10, 551, 550, 9,
10, 11, 551, 550, 10,
11, 12, 551, 550, 11,
12, 13, 551, 550, 12,
13, 14, 551, 550, 13,
14, 15, 551, 550, 14,
15, 16, 551, 550, 15,
16, 17, 551, 550, 16,
17, 18, 551, 550, 17,
18, 19, 551, 550, 18,
19, 20, 551, 550, 19,
20, 21, 551, 550, 20,
21, 22, 551, 550, 21,
22, 23, 551, 550, 22,
23, 24, 551, 550, 23,
24, 25, 551, 550, 24,
25, 26, 551, 550, 25,
26, 27, 551, 550, 26,
27, 28, 551, 550, 27,
28, 29, 551, 550, 28,
29, 30, 551, 550, 29,
30, 31, 551, 550, 30,
31, 32, 551, 550, 31,
32, 33, 551, 550, 32,
33, 34, 551, 550, 33,
34, 35, 551, 550, 34,
35, 36, 551, 550, 35,
36, 37, 551, 550, 36,
37, 38, 551, 550, 37,
38, 39, 551, 550, 38,
39, 40, 551, 550, 39,
40, 41, 551, 550, 40,
41, 42, 551, 550, 41,
42, 43, 551, 550, 42,
43, 44, 551, 550, 43,
44, 45, 551, 550, 44,
45, 46, 551, 550, 45,
46, 47, 551, 550, 46,
47, 48, 551, 550, 47,
48, 49, 551, 550, 48,
0, 1, 601, 600, 0,
1, 2, 601, 600, 1,
2, 3, 601, 600, 2,
3, 4, 601, 600, 3,
4, 5, 601, 600, 4,
5, 6, 601, 600, 5,
6, 7, 601, 600, 6,
7, 8, 601, 600, 7,
8, 9, 601, 600, 8,
9, 10, 601, 600, 9,
10, 11, 601, 600, 10,
11, 12, 601, 600, 11,
12, 13, 601, 600, 12,
13, 14, 601, 600, 13,
14, 15, 601, 600, 14,
15, 16, 601, 600, 15,
16, 17, 601, 600, 16,
17, 18, 601, 600, 17,
18, 19, 601, 600, 18,
19, 20, 601, 600, 19,
20, 21, 601, 600, 20,
21, 22, 601, 600, 21,
22, 23, 601, 600, 22,
23, 24, 601, 600, 23,
24, 25, 601, 600, 24,
25, 26, 601, 600, 25,
26, 27, 601, 600, 26,
27, 28, 601, 600, 27,
28, 29, 601, 600, 28,
29, 30, 601, 600, 29,
30, 31, 601, 600, 30,
31, 32, 601, 600, 31,
32, 33, 601, 600, 32,
33, 34, 601, 600, 33,
34, 35, 601, 600, 34,
35, 36, 601, 600, 35,
36, 37, 601, 600, 36,
37, 38, 601, 600, 37,
38, 39, 601, 600, 38,
39, 40, 601, 600, 39,
40, 41, 601, 600, 40,
41, 42, 601, 600, 41,
42, 43, 601, 600, 42,
43, 44, 601, 600, 43,
44, 45, 601, 600, 44,
45, 46, 601, 600, 45,
46, 47, 601, 600, 46,
47, 48, 601, 600, 47,
48, 49, 601, 600, 48,
0, 1, 651, 650, 0,
1, 2, 651, 650, 1,
2, 3, 651, 650, 2,
3, 4, 651, 650, 3,
4, 5, 651, 650, 4,
5, 6, 651, 650, 5,
6, 7, 651, 650, 6,
7, 8, 651, 650, 7,
8, 9, 651, 650, 8,
9, 10, 651, 650, 9,
10, 11, 651, 650, 10,
11, 12, 651, 650, 11,
12, 13, 651, 650, 12,
13, 14, 651, 650, 13,
14, 15, 651, 650, 14,
15, 16, 651, 650, 15,
16, 17, 651, 650, 16,
17, 18, 651, 650, 17,
18, 19, 651, 650, 18,
19, 20, 651, 650, 19,
20, 21, 651, 650, 20,
21, 22, 651, 650, 21,
22, 23, 651, 650, 22,
23, 24, 651, 650, 23,
24, 25, 651, 650, 24,
25, 26, 651, 650, 25,
26, 27, 651, 650, 26,
27, 28, 651, 650, 27,
28, 29, 651, 650, 28,
29, 30, 651, 650, 29,
30, 31, 651, 650, 30,
31, 32, 651, 650, 31,
32, 33, 651, 650, 32,
33, 34, 651, 650, 33,
34, 35, 651, 650, 34,
35, 36, 651, 650, 35,
36, 37, 651, 650, 36,
37, 38, 651, 650, 37,
38, 39, 651, 650, 38,
39, 40, 651, 650, 39,
40, 41, 651, 650, 40,
41, 42, 651, 650, 41,
42, 43, 651, 650, 42,
43, 44, 651, 650, 43,
44, 45, 651, 650, 44,
45, 46, 651, 650, 45,
46, 47, 651, 650, 46,
47, 48, 651, 650, 47,
48, 49, 651, 650, 48,
0, 1, 701, 700, 0,
1, 2, 701, 700, 1,
2, 3, 701, 700, 2,
3, 4, 701, 700, 3,
4, 5, 701, 700, 4,
5, 6, 701, 700, 5,
6, 7, 701, 700, 6,
7, 8, 701, 700, 7,
8, 9, 701, 700, 8,
9, 10, 701, 700, 9,
10, 11, 701, 700, 10,
11, 12, 701, 700, 11,
12, 13, 701, 700, 12,
13, 14, 701, 700, 13,
14, 15, 701, 700, 14,
15, 16, 701, 700, 15,
16, 17, 701, 700, 16,
17, 18, 701, 700, 17,
18, 19, 701, 700, 18,
19, 20, 701, 700, 19,
20, 21, 701, 700, 20,
21, 22, 701, 700, 21,
22, 23, 701, 700, 22,
23, 24, 701, 700, 23,
24, 25, 701, 700, 24,
25, 26, 701, 700, 25,
26, 27, 701, 700, 26,
27, 28, 701, 700, 27,
28, 29, 701, 700, 28,
29, 30, 701, 700, 29,
30, 31, 701, 700, 30,
31, 32, 701, 700, 31,
32, 33, 701, 700, 32,
33, 34, 701, 700, 33,
34, 35, 701, 700, 34,
35, 36, 701, 700, 35,
36, 37, 701, 700, 36,
37, 38, 701, 700, 37,
38, 39, 701, 700, 38,
39, 40, 701, 700, 39,
40, 41, 701, 700, 40,
41, 42, 701, 700, 41,
42, 43, 701, 700, 42,
43, 44, 701, 700, 43,
44, 45, 701, 700, 44,
45, 46, 701, 700, 45,
46, 47, 701, 700, 46,
47, 48, 701, 700, 47,
48, 49, 701, 700, 48,
0, 1, 751, 750, 0,
1, 2, 751, 750, 1,
2, 3, 751, 750, 2,
3, 4, 751, 750, 3,
4, 5, 751, 750, 4,
5, 6, 751, 750, 5,
6, 7, 751, 750, 6,
7, 8, 751, 750, 7,
8, 9, 751, 750, 8,
9, 10, 751, 750, 9,
10, 11, 751, 750, 10,
11, 12, 751, 750, 11,
12, 13, 751, 750, 12,
13, 14, 751, 750, 13,
14, 15, 751, 750, 14,
15, 16, 751, 750, 15,
16, 17, 751, 750, 16,
17, 18, 751, 750, 17,
18, 19, 751, 750, 18,
19, 20, 751, 750, 19,
20, 21, 751, 750, 20,
21, 22, 751, 750, 21,
22, 23, 751, 750, 22,
23, 24, 751, 750, 23,
24, 25, 751, 750, 24,
25, 26, 751, 750, 25,
26, 27, 751, 750, 26,
27, 28, 751, 750, 27,
28, 29, 751, 750, 28,
29, 30, 751, 750, 29,
30, 31, 751, 750, 30,
31, 32, 751, 750, 31,
32, 33, 751, 750, 32,
33, 34, 751, 750, 33,
34, 35, 751, 750, 34,
35, 36, 751, 750, 35,
36, 37, 751, 750, 36,
37, 38, 751, 750, 37,
38, 39, 751, 750, 38,
39, 40, 751, 750, 39,
40, 41, 751, 750, 40,
41, 42, 751, 750, 41,
42, 43, 751, 750, 42,
43, 44, 751, 750, 43,
44, 45, 751, 750, 44,
45, 46, 751, 750, 45,
46, 47, 751, 750, 46,
47, 48, 751, 750, 47,
48, 49, 751, 750, 48,
0, 1, 801, 800, 0,
1, 2, 801, 800, 1,
2, 3, 801, 800, 2,
3, 4, 801, 800, 3,
4, 5, 801, 800, 4,
5, 6, 801, 800, 5,
6, 7, 801, 800, 6,
7, 8, 801, 800, 7,
8, 9, 801, 800, 8,
9, 10, 801, 800, 9,
10, 11, 801, 800, 10,
11, 12, 801, 800, 11,
12, 13, 801, 800, 12,
13, 14, 801, 800, 13,
14, 15, 801, 800, 14,
15, 16, 801, 800, 15,
16, 17, 801, 800, 16,
17, 18, 801, 800, 17,
18, 19, 801, 800, 18,
19, 20, 801, 800, 19,
20, 21, 801, 800, 20,
21, 22, 801, 800, 21,
22, 23, 801, 800, 22,
23, 24, 801, 800, 23,
24, 25, 801, 800, 24,
25, 26, 801, 800, 25,
26, 27, 801, 800, 26,
27, 28, 801, 800, 27,
28, 29, 801, 800, 28,
29, 30, 801, 800, 29,
30, 31, 801, 800, 30,
31, 32, 801, 800, 31,
32, 33, 801, 800, 32,
33, 34, 801, 800, 33,
34, 35, 801, 800, 34,
35, 36, 801, 800, 35,
36, 37, 801, 800, 36,
37, 38, 801, 800, 37,
38, 39, 801, 800, 38,
39, 40, 801, 800, 39,
40, 41, 801, 800, 40,
41, 42, 801, 800, 41,
42, 43, 801, 800, 42,
43, 44, 801, 800, 43,
44, 45, 801, 800, 44,
45, 46, 801, 800, 45,
46, 47, 801, 800, 46,
47, 48, 801, 800, 47,
48, 49, 801, 800, 48,
0, 1, 851, 850, 0,
1, 2, 851, 850, 1,
2, 3, 851, 850, 2,
3, 4, 851, 850, 3,
4, 5, 851, 850, 4,
5, 6, 851, 850, 5,
6, 7, 851, 850, 6,
7, 8, 851, 850, 7,
8, 9, 851, 850, 8,
9, 10, 851, 850, 9,
10, 11, 851, 850, 10,
11, 12, 851, 850, 11,
12, 13, 851, 850, 12,
13, 14, 851, 850, 13,
14, 15, 851, 850, 14,
15, 16, 851, 850, 15,
16, 17, 851, 850, 16,
17, 18, 851, 850, 17,
18, 19, 851, 850, 18,
19, 20, 851, 850, 19,
20, 21, 851, 850, 20,
21, 22, 851, 850, 21,
22, 23, 851, 850, 22,
23, 24, 851, 850, 23,
24, 25, 851, 850, 24,
25, 26, 851, 850, 25,
26, 27, 851, 850, 26,
27, 28, 851, 850, 27,
28, 29, 851, 850, 28,
29, 30, 851, 850, 29,
30, 31, 851, 850, 30,
31, 32, 851, 850, 31,
32, 33, 851, 850, 32,
33, 34, 851, 850, 33,
34, 35, 851, 850, 34,
35, 36, 851, 850, 35,
36, 37, 851, 850, 36,
37, 38, 851, 850, 37,
38, 39, 851, 850, 38,
39, 40, 851, 850, 39,
40, 41, 851, 850, 40,
41, 42, 851, 850, 41,
42, 43, 851, 850, 42,
43, 44, 851, 850, 43,
44, 45, 851, 850, 44,
45, 46, 851, 850, 45,
46, 47, 851, 850, 46,
47, 48, 851, 850, 47,
48, 49, 851, 850, 48,
0, 1, 901, 900, 0,
1, 2, 901, 900, 1,
2, 3, 901, 900, 2,
3, 4, 901, 900, 3,
4, 5, 901, 900, 4,
5, 6, 901, 900, 5,
6, 7, 901, 900, 6,
7, 8, 901, 900, 7,
8, 9, 901, 900, 8,
9, 10, 901, 900, 9,
10, 11, 901, 900, 10,
11, 12, 901, 900, 11,
12, 13, 901, 900, 12,
13, 14, 901, 900, 13,
14, 15, 901, 900, 14,
15, 16, 901, 900, 15,
16, 17, 901, 900, 16,
17, 18, 901, 900, 17,
18, 19, 901, 900, 18,
19, 20, 901, 900, 19,
20, 21, 901, 900, 20,
21, 22, 901, 900, 21,
22, 23, 901, 900, 22,
23, 24, 901, 900, 23,
24, 25, 901, 900, 24,
25, 26, 901, 900, 25,
26, 27, 901, 900, 26,
27, 28, 901, 900, 27,
28, 29, 901, 900, 28,
29, 30, 901, 900, 29,
30, 31, 901, 900, 30,
31, 32, 901, 900, 31,
32, 33, 901, 900, 32,
33, 34, 901, 900, 33,
34, 35, 901, 900, 34,
35, 36, 901, 900, 35,
36, 37, 901, 900, 36,
37, 38, 901, 900, 37,
38, 39, 901, 900, 38,
39, 40, 901, 900, 39,
40, 41, 901, 900, 40,
41, 42, 901, 900, 41,
42, 43, 901, 900, 42,
43, 44, 901, 900, 43,
44, 45, 901, 900, 44,
45, 46, 901, 900, 45,
46, 47, 901, 900, 46,
47, 48, 901, 900, 47,
48, 49, 901, 900, 48,
0, 1, 951, 950, 0,
1, 2, 951, 950, 1,
2, 3, 951, 950, 2,
3, 4, 951, 950, 3,
4, 5, 951, 950, 4,
5, 6, 951, 950, 5,
6, 7, 951, 950, 6,
7, 8, 951, 950, 7,
8, 9, 951, 950, 8,
9, 10, 951, 950, 9,
10, 11, 951, 950, 10,
11, 12, 951, 950, 11,
12, 13, 951, 950, 12,
13, 14, 951, 950, 13,
14, 15, 951, 950, 14,
15, 16, 951, 950, 15,
16, 17, 951, 950, 16,
17, 18, 951, 950, 17,
18, 19, 951, 950, 18,
19, 20, 951, 950, 19,
20, 21, 951, 950, 20,
21, 22, 951, 950, 21,
22, 23, 951, 950, 22,
23, 24, 951, 950, 23,
24, 25, 951, 950, 24,
25, 26, 951, 950, 25,
26, 27, 951, 950, 26,
27, 28, 951, 950, 27,
28, 29, 951, 950, 28,
29, 30, 951, 950, 29,
30, 31, 951, 950, 30,
31, 32, 951, 950, 31,
32, 33, 951, 950, 32,
33, 34, 951, 950, 33,
34, 35, 951, 950, 34,
35, 36, 951, 950, 35,
36, 37, 951, 950, 36,
37, 38, 951, 950, 37,
38, 39, 951, 950, 38,
39, 40, 951, 950, 39,
40, 41, 951, 950, 40,
41, 42, 951, 950, 41,
42, 43, 951, 950, 42,
43, 44, 951, 950, 43,
44, 45, 951, 950, 44,
45, 46, 951, 950, 45,
46, 47, 951, 950, 46,
47, 48, 951, 950, 47,
48, 49, 951, 950, 48,
0, 1, 1001, 1000, 0,
1, 2, 1001, 1000, 1,
2, 3, 1001, 1000, 2,
3, 4, 1001, 1000, 3,
4, 5, 1001, 1000, 4,
5, 6, 1001, 1000, 5,
6, 7, 1001, 1000, 6,
7, 8, 1001, 1000, 7,
8, 9, 1001, 1000, 8,
9, 10, 1001, 1000, 9,
10, 11, 1001, 1000, 10,
11, 12, 1001, 1000, 11,
12, 13, 1001, 1000, 12,
13, 14, 1001, 1000, 13,
14, 15, 1001, 1000, 14,
15, 16, 1001, 1000, 15,
16, 17, 1001, 1000, 16,
17, 18, 1001, 1000, 17,
18, 19, 1001, 1000, 18,
19, 20, 1001, 1000, 19,
20, 21, 1001, 1000, 20,
21, 22, 1001, 1000, 21,
22, 23, 1001, 1000, 22,
23, 24, 1001, 1000, 23,
24, 25, 1001, 1000, 24,
25, 26, 1001, 1000, 25,
26, 27, 1001, 1000, 26,
27, 28, 1001, 1000, 27,
28, 29, 1001, 1000, 28,
29, 30, 1001, 1000, 29,
30, 31, 1001, 1000, 30,
31, 32, 1001, 1000, 31,
32, 33, 1001, 1000, 32,
33, 34, 1001, 1000, 33,
34, 35, 1001, 1000, 34,
35, 36, 1001, 1000, 35,
36, 37, 1001, 1000, 36,
37, 38, 1001, 1000, 37,
38, 39, 1001, 1000, 38,
39, 40, 1001, 1000, 39,
40, 41, 1001, 1000, 40,
41, 42, 1001, 1000, 41,
42, 43, 1001, 1000, 42,
43, 44, 1001, 1000, 43,
44, 45, 1001, 1000, 44,
45, 46, 1001, 1000, 45,
46, 47, 1001, 1000, 46,
47, 48, 1001, 1000, 47,
48, 49, 1001, 1000, 48,
0, 1, 1051, 1050, 0,
1, 2, 1051, 1050, 1,
2, 3, 1051, 1050, 2,
3, 4, 1051, 1050, 3,
4, 5, 1051, 1050, 4,
5, 6, 1051, 1050, 5,
6, 7, 1051, 1050, 6,
7, 8, 1051, 1050, 7,
8, 9, 1051, 1050, 8,
9, 10, 1051, 1050, 9,
10, 11, 1051, 1050, 10,
11, 12, 1051, 1050, 11,
12, 13, 1051, 1050, 12,
13, 14, 1051, 1050, 13,
14, 15, 1051, 1050, 14,
15, 16, 1051, 1050, 15,
16, 17, 1051, 1050, 16,
17, 18, 1051, 1050, 17,
18, 19, 1051, 1050, 18,
19, 20, 1051, 1050, 19,
20, 21, 1051, 1050, 20,
21, 22, 1051, 1050, 21,
22, 23, 1051, 1050, 22,
23, 24, 1051, 1050, 23,
24, 25, 1051, 1050, 24,
25, 26, 1051, 1050, 25,
26, 27, 1051, 1050, 26,
27, 28, 1051, 1050, 27,
28, 29, 1051, 1050, 28,
29, 30, 1051, 1050, 29,
30, 31, 1051, 1050, 30,
31, 32, 1051, 1050, 31,
32, 33, 1051, 1050, 32,
33, 34, 1051, 1050, 33,
34, 35, 1051, 1050, 34,
35, 36, 1051, 1050, 35,
36, 37, 1051, 1050, 36,
37, 38, 1051, 1050, 37,
38, 39, 1051, 1050, 38,
39, 40, 1051, 1050, 39,
40, 41, 1051, 1050, 40,
41, 42, 1051, 1050, 41,
42, 43, 1051, 1050, 42,
43, 44, 1051, 1050, 43,
44, 45, 1051, 1050, 44,
45, 46, 1051, 1050, 45,
46, 47, 1051, 1050, 46,
47, 48, 1051, 1050, 47,
48, 49, 1051, 1050, 48,
0, 1, 1101, 1100, 0,
1, 2, 1101, 1100, 1,
2, 3, 1101, 1100, 2,
3, 4, 1101, 1100, 3,
4, 5, 1101, 1100, 4,
5, 6, 1101, 1100, 5,
6, 7, 1101, 1100, 6,
7, 8, 1101, 1100, 7,
8, 9, 1101, 1100, 8,
9, 10, 1101, 1100, 9,
10, 11, 1101, 1100, 10,
11, 12, 1101, 1100, 11,
12, 13, 1101, 1100, 12,
13, 14, 1101, 1100, 13,
14, 15, 1101, 1100, 14,
15, 16, 1101, 1100, 15,
16, 17, 1101, 1100, 16,
17, 18, 1101, 1100, 17,
18, 19, 1101, 1100, 18,
19, 20, 1101, 1100, 19,
20, 21, 1101, 1100, 20,
21, 22, 1101, 1100, 21,
22, 23, 1101, 1100, 22,
23, 24, 1101, 1100, 23,
24, 25, 1101, 1100, 24,
25, 26, 1101, 1100, 25,
26, 27, 1101, 1100, 26,
27, 28, 1101, 1100, 27,
28, 29, 1101, 1100, 28,
29, 30, 1101, 1100, 29,
30, 31, 1101, 1100, 30,
31, 32, 1101, 1100, 31,
32, 33, 1101, 1100, 32,
33, 34, 1101, 1100, 33,
34, 35, 1101, 1100, 34,
35, 36, 1101, 1100, 35,
36, 37, 1101, 1100, 36,
37, 38, 1101, 1100, 37,
38, 39, 1101, 1100, 38,
39, 40, 1101, 1100, 39,
40, 41, 1101, 1100, 40,
41, 42, 1101, 1100, 41,
42, 43, 1101, 1100, 42,
43, 44, 1101, 1100, 43,
44, 45, 1101, 1100, 44,
45, 46, 1101, 1100, 45,
46, 47, 1101, 1100, 46,
47, 48, 1101, 1100, 47,
48, 49, 1101, 1100, 48,
0, 1, 1151, 1150, 0,
1, 2, 1151, 1150, 1,
2, 3, 1151, 1150, 2,
3, 4, 1151, 1150, 3,
4, 5, 1151, 1150, 4,
5, 6, 1151, 1150, 5,
6, 7, 1151, 1150, 6,
7, 8, 1151, 1150, 7,
8, 9, 1151, 1150, 8,
9, 10, 1151, 1150, 9,
10, 11, 1151, 1150, 10,
11, 12, 1151, 1150, 11,
12, 13, 1151, 1150, 12,
13, 14, 1151, 1150, 13,
14, 15, 1151, 1150, 14,
15, 16, 1151, 1150, 15,
16, 17, 1151, 1150, 16,
17, 18, 1151, 1150, 17,
18, 19, 1151, 1150, 18,
19, 20, 1151, 1150, 19,
20, 21, 1151, 1150, 20,
21, 22, 1151, 1150, 21,
22, 23, 1151, 1150, 22,
23, 24, 1151, 1150, 23,
24, 25, 1151, 1150, 24,
25, 26, 1151, 1150, 25,
26, 27, 1151, 1150, 26,
27, 28, 1151, 1150, 27,
28, 29, 1151, 1150, 28,
29, 30, 1151, 1150, 29,
30, 31, 1151, 1150, 30,
31, 32, 1151, 1150, 31,
32, 33, 1151, 1150, 32,
33, 34, 1151, 1150, 33,
34, 35, 1151, 1150, 34,
35, 36, 1151, 1150, 35,
36, 37, 1151, 1150, 36,
37, 38, 1151, 1150, 37,
38, 39, 1151, 1150, 38,
39, 40, 1151, 1150, 39,
40, 41, 1151, 1150, 40,
41, 42, 1151, 1150, 41,
42, 43, 1151, 1150, 42,
43, 44, 1151, 1150, 43,
44, 45, 1151, 1150, 44,
45, 46, 1151, 1150, 45,
46, 47, 1151, 1150, 46,
47, 48, 1151, 1150, 47,
48, 49, 1151, 1150, 48,
0, 1, 1201, 1200, 0,
1, 2, 1201, 1200, 1,
2, 3, 1201, 1200, 2,
3, 4, 1201, 1200, 3,
4, 5, 1201, 1200, 4,
5, 6, 1201, 1200, 5,
6, 7, 1201, 1200, 6,
7, 8, 1201, 1200, 7,
8, 9, 1201, 1200, 8,
9, 10, 1201, 1200, 9,
10, 11, 1201, 1200, 10,
11, 12, 1201, 1200, 11,
12, 13, 1201, 1200, 12,
13, 14, 1201, 1200, 13,
14, 15, 1201, 1200, 14,
15, 16, 1201, 1200, 15,
16, 17, 1201, 1200, 16,
17, 18, 1201, 1200, 17,
18, 19, 1201, 1200, 18,
19, 20, 1201, 1200, 19,
20, 21, 1201, 1200, 20,
21, 22, 1201, 1200, 21,
22, 23, 1201, 1200, 22,
23, 24, 1201, 1200, 23,
24, 25, 1201, 1200, 24,
25, 26, 1201, 1200, 25,
26, 27, 1201, 1200, 26,
27, 28, 1201, 1200, 27,
28, 29, 1201, 1200, 28,
29, 30, 1201, 1200, 29,
30, 31, 1201, 1200, 30,
31, 32, 1201, 1200, 31,
32, 33, 1201, 1200, 32,
33, 34, 1201, 1200, 33,
34, 35, 1201, 1200, 34,
35, 36, 1201, 1200, 35,
36, 37, 1201, 1200, 36,
37, 38, 1201, 1200, 37,
38, 39, 1201, 1200, 38,
39, 40, 1201, 1200, 39,
40, 41, 1201, 1200, 40,
41, 42, 1201, 1200, 41,
42, 43, 1201, 1200, 42,
43, 44, 1201, 1200, 43,
44, 45, 1201, 1200, 44,
45, 46, 1201, 1200, 45,
46, 47, 1201, 1200, 46,
47, 48, 1201, 1200, 47,
48, 49, 1201, 1200, 48,
0, 1, 1251, 1250, 0,
1, 2, 1251, 1250, 1,
2, 3, 1251, 1250, 2,
3, 4, 1251, 1250, 3,
4, 5, 1251, 1250, 4,
5, 6, 1251, 1250, 5,
6, 7, 1251, 1250, 6,
7, 8, 1251, 1250, 7,
8, 9, 1251, 1250, 8,
9, 10, 1251, 1250, 9,
10, 11, 1251, 1250, 10,
11, 12, 1251, 1250, 11,
12, 13, 1251, 1250, 12,
13, 14, 1251, 1250, 13,
14, 15, 1251, 1250, 14,
15, 16, 1251, 1250, 15,
16, 17, 1251, 1250, 16,
17, 18, 1251, 1250, 17,
18, 19, 1251, 1250, 18,
19, 20, 1251, 1250, 19,
20, 21, 1251, 1250, 20,
21, 22, 1251, 1250, 21,
22, 23, 1251, 1250, 22,
23, 24, 1251, 1250, 23,
24, 25, 1251, 1250, 24,
25, 26, 1251, 1250, 25,
26, 27, 1251, 1250, 26,
27, 28, 1251, 1250, 27,
28, 29, 1251, 1250, 28,
29, 30, 1251, 1250, 29,
30, 31, 1251, 1250, 30,
31, 32, 1251, 1250, 31,
32, 33, 1251, 1250, 32,
33, 34, 1251, 1250, 33,
34, 35, 1251, 1250, 34,
35, 36, 1251, 1250, 35,
36, 37, 1251, 1250, 36,
37, 38, 1251, 1250, 37,
38, 39, 1251, 1250, 38,
39, 40, 1251, 1250, 39,
40, 41, 1251, 1250, 40,
41, 42, 1251, 1250, 41,
42, 43, 1251, 1250, 42,
43, 44, 1251, 1250, 43,
44, 45, 1251, 1250, 44,
45, 46, 1251, 1250, 45,
46, 47, 1251, 1250, 46,
47, 48, 1251, 1250, 47,
48, 49, 1251, 1250, 48,
0, 1, 1301, 1300, 0,
1, 2, 1301, 1300, 1,
2, 3, 1301, 1300, 2,
3, 4, 1301, 1300, 3,
4, 5, 1301, 1300, 4,
5, 6, 1301, 1300, 5,
6, 7, 1301, 1300, 6,
7, 8, 1301, 1300, 7,
8, 9, 1301, 1300, 8,
9, 10, 1301, 1300, 9,
10, 11, 1301, 1300, 10,
11, 12, 1301, 1300, 11,
12, 13, 1301, 1300, 12,
13, 14, 1301, 1300, 13,
14, 15, 1301, 1300, 14,
15, 16, 1301, 1300, 15,
16, 17, 1301, 1300, 16,
17, 18, 1301, 1300, 17,
18, 19, 1301, 1300, 18,
19, 20, 1301, 1300, 19,
20, 21, 1301, 1300, 20,
21, 22, 1301, 1300, 21,
22, 23, 1301, 1300, 22,
23, 24, 1301, 1300, 23,
24, 25, 1301, 1300, 24,
25, 26, 1301, 1300, 25,
26, 27, 1301, 1300, 26,
27, 28, 1301, 1300, 27,
28, 29, 1301, 1300, 28,
29, 30, 1301, 1300, 29,
30, 31, 1301, 1300, 30,
31, 32, 1301, 1300, 31,
32, 33, 1301, 1300, 32,
33, 34, 1301, 1300, 33,
34, 35, 1301, 1300, 34,
35, 36, 1301, 1300, 35,
36, 37, 1301, 1300, 36,
37, 38, 1301, 1300, 37,
38, 39, 1301, 1300, 38,
39, 40, 1301, 1300, 39,
40, 41, 1301, 1300, 40,
41, 42, 1301, 1300, 41,
42, 43, 1301, 1300, 42,
43, 44, 1301, 1300, 43,
44, 45, 1301, 1300, 44,
45, 46, 1301, 1300, 45,
46, 47, 1301, 1300, 46,
47, 48, 1301, 1300, 47,
48, 49, 1301, 1300, 48,
0, 1, 1351, 1350, 0,
1, 2, 1351, 1350, 1,
2, 3, 1351, 1350, 2,
3, 4, 1351, 1350, 3,
4, 5, 1351, 1350, 4,
5, 6, 1351, 1350, 5,
6, 7, 1351, 1350, 6,
7, 8, 1351, 1350, 7,
8, 9, 1351, 1350, 8,
9, 10, 1351, 1350, 9,
10, 11, 1351, 1350, 10,
11, 12, 1351, 1350, 11,
12, 13, 1351, 1350, 12,
13, 14, 1351, 1350, 13,
14, 15, 1351, 1350, 14,
15, 16, 1351, 1350, 15,
16, 17, 1351, 1350, 16,
17, 18, 1351, 1350, 17,
18, 19, 1351, 1350, 18,
19, 20, 1351, 1350, 19,
20, 21, 1351, 1350, 20,
21, 22, 1351, 1350, 21,
22, 23, 1351, 1350, 22,
23, 24, 1351, 1350, 23,
24, 25, 1351, 1350, 24,
25, 26, 1351, 1350, 25,
26, 27, 1351, 1350, 26,
27, 28, 1351, 1350, 27,
28, 29, 1351, 1350, 28,
29, 30, 1351, 1350, 29,
30, 31, 1351, 1350, 30,
31, 32, 1351, 1350, 31,
32, 33, 1351, 1350, 32,
33, 34, 1351, 1350, 33,
34, 35, 1351, 1350, 34,
35, 36, 1351, 1350, 35,
36, 37, 1351, 1350, 36,
37, 38, 1351, 1350, 37,
38, 39, 1351, 1350, 38,
39, 40, 1351, 1350, 39,
40, 41, 1351, 1350, 40,
41, 42, 1351, 1350, 41,
42, 43, 1351, 1350, 42,
43, 44, 1351, 1350, 43,
44, 45, 1351, 1350, 44,
45, 46, 1351, 1350, 45,
46, 47, 1351, 1350, 46,
47, 48, 1351, 1350, 47,
48, 49, 1351, 1350, 48,
0, 1, 1401, 1400, 0,
1, 2, 1401, 1400, 1,
2, 3, 1401, 1400, 2,
3, 4, 1401, 1400, 3,
4, 5, 1401, 1400, 4,
5, 6, 1401, 1400, 5,
6, 7, 1401, 1400, 6,
7, 8, 1401, 1400, 7,
8, 9, 1401, 1400, 8,
9, 10, 1401, 1400, 9,
10, 11, 1401, 1400, 10,
11, 12, 1401, 1400, 11,
12, 13, 1401, 1400, 12,
13, 14, 1401, 1400, 13,
14, 15, 1401, 1400, 14,
15, 16, 1401, 1400, 15,
16, 17, 1401, 1400, 16,
17, 18, 1401, 1400, 17,
18, 19, 1401, 1400, 18,
19, 20, 1401, 1400, 19,
20, 21, 1401, 1400, 20,
21, 22, 1401, 1400, 21,
22, 23, 1401, 1400, 22,
23, 24, 1401, 1400, 23,
24, 25, 1401, 1400, 24,
25, 26, 1401, 1400, 25,
26, 27, 1401, 1400, 26,
27, 28, 1401, 1400, 27,
28, 29, 1401, 1400, 28,
29, 30, 1401, 1400, 29,
30, 31, 1401, 1400, 30,
31, 32, 1401, 1400, 31,
32, 33, 1401, 1400, 32,
33, 34, 1401, 1400, 33,
34, 35, 1401, 1400, 34,
35, 36, 1401, 1400, 35,
36, 37, 1401, 1400, 36,
37, 38, 1401, 1400, 37,
38, 39, 1401, 1400, 38,
39, 40, 1401, 1400, 39,
40, 41, 1401, 1400, 40,
41, 42, 1401, 1400, 41,
42, 43, 1401, 1400, 42,
43, 44, 1401, 1400, 43,
44, 45, 1401, 1400, 44,
45, 46, 1401, 1400, 45,
46, 47, 1401, 1400, 46,
47, 48, 1401, 1400, 47,
48, 49, 1401, 1400, 48,
0, 1, 1451, 1450, 0,
1, 2, 1451, 1450, 1,
2, 3, 1451, 1450, 2,
3, 4, 1451, 1450, 3,
4, 5, 1451, 1450, 4,
5, 6, 1451, 1450, 5,
6, 7, 1451, 1450, 6,
7, 8, 1451, 1450, 7,
8, 9, 1451, 1450, 8,
9, 10, 1451, 1450, 9,
10, 11, 1451, 1450, 10,
11, 12, 1451, 1450, 11,
12, 13, 1451, 1450, 12,
13, 14, 1451, 1450, 13,
14, 15, 1451, 1450, 14,
15, 16, 1451, 1450, 15,
16, 17, 1451, 1450, 16,
17, 18, 1451, 1450, 17,
18, 19, 1451, 1450, 18,
19, 20, 1451, 1450, 19,
20, 21, 1451, 1450, 20,
21, 22, 1451, 1450, 21,
22, 23, 1451, 1450, 22,
23, 24, 1451, 1450, 23,
24, 25, 1451, 1450, 24,
25, 26, 1451, 1450, 25,
26, 27, 1451, 1450, 26,
27, 28, 1451, 1450, 27,
28, 29, 1451, 1450, 28,
29, 30, 1451, 1450, 29,
30, 31, 1451, 1450, 30,
31, 32, 1451, 1450, 31,
32, 33, 1451, 1450, 32,
33, 34, 1451, 1450, 33,
34, 35, 1451, 1450, 34,
35, 36, 1451, 1450, 35,
36, 37, 1451, 1450, 36,
37, 38, 1451, 1450, 37,
38, 39, 1451, 1450, 38,
39, 40, 1451, 1450, 39,
40, 41, 1451, 1450, 40,
41, 42, 1451, 1450, 41,
42, 43, 1451, 1450, 42,
43, 44, 1451, 1450, 43,
44, 45, 1451, 1450, 44,
45, 46, 1451, 1450, 45,
46, 47, 1451, 1450, 46,
47, 48, 1451, 1450, 47,
48, 49, 1451, 1450, 48,
0, 1, 1501, 1500, 0,
1, 2, 1501, 1500, 1,
2, 3, 1501, 1500, 2,
3, 4, 1501, 1500, 3,
4, 5, 1501, 1500, 4,
5, 6, 1501, 1500, 5,
6, 7, 1501, 1500, 6,
7, 8, 1501, 1500, 7,
8, 9, 1501, 1500, 8,
9, 10, 1501, 1500, 9,
10, 11, 1501, 1500, 10,
11, 12, 1501, 1500, 11,
12, 13, 1501, 1500, 12,
13, 14, 1501, 1500, 13,
14, 15, 1501, 1500, 14,
15, 16, 1501, 1500, 15,
16, 17, 1501, 1500, 16,
17, 18, 1501, 1500, 17,
18, 19, 1501, 1500, 18,
19, 20, 1501, 1500, 19,
20, 21, 1501, 1500, 20,
21, 22, 1501, 1500, 21,
22, 23, 1501, 1500, 22,
23, 24, 1501, 1500, 23,
24, 25, 1501, 1500, 24,
25, 26, 1501, 1500, 25,
26, 27, 1501, 1500, 26,
27, 28, 1501, 1500, 27,
28, 29, 1501, 1500, 28,
29, 30, 1501, 1500, 29,
30, 31, 1501, 1500, 30,
31, 32, 1501, 1500, 31,
32, 33, 1501, 1500, 32,
33, 34, 1501, 1500, 33,
34, 35, 1501, 1500, 34,
35, 36, 1501, 1500, 35,
36, 37, 1501, 1500, 36,
37, 38, 1501, 1500, 37,
38, 39, 1501, 1500, 38,
39, 40, 1501, 1500, 39,
40, 41, 1501, 1500, 40,
41, 42, 1501, 1500, 41,
42, 43, 1501, 1500, 42,
43, 44, 1501, 1500, 43,
44, 45, 1501, 1500, 44,
45, 46, 1501, 1500, 45,
46, 47, 1501, 1500, 46,
47, 48, 1501, 1500, 47,
48, 49, 1501, 1500, 48,
0, 1, 1551, 1550, 0,
1, 2, 1551, 1550, 1,
2, 3, 1551, 1550, 2,
3, 4, 1551, 1550, 3,
4, 5, 1551, 1550, 4,
5, 6, 1551, 1550, 5,
6, 7, 1551, 1550, 6,
7, 8, 1551, 1550, 7,
8, 9, 1551, 1550, 8,
9, 10, 1551, 1550, 9,
10, 11, 1551, 1550, 10,
11, 12, 1551, 1550, 11,
12, 13, 1551, 1550, 12,
13, 14, 1551, 1550, 13,
14, 15, 1551, 1550, 14,
15, 16, 1551, 1550, 15,
16, 17, 1551, 1550, 16,
17, 18, 1551, 1550, 17,
18, 19, 1551, 1550, 18,
19, 20, 1551, 1550, 19,
20, 21, 1551, 1550, 20,
21, 22, 1551, 1550, 21,
22, 23, 1551, 1550, 22,
23, 24, 1551, 1550, 23,
24, 25, 1551, 1550, 24,
25, 26, 1551, 1550, 25,
26, 27, 1551, 1550, 26,
27, 28, 1551, 1550, 27,
28, 29, 1551, 1550, 28,
29, 30, 1551, 1550, 29,
30, 31, 1551, 1550, 30,
31, 32, 1551, 1550, 31,
32, 33, 1551, 1550, 32,
33, 34, 1551, 1550, 33,
34, 35, 1551, 1550, 34,
35, 36, 1551, 1550, 35,
36, 37, 1551, 1550, 36,
37, 38, 1551, 1550, 37,
38, 39, 1551, 1550, 38,
39, 40, 1551, 1550, 39,
40, 41, 1551, 1550, 40,
41, 42, 1551, 1550, 41,
42, 43, 1551, 1550, 42,
43, 44, 1551, 1550, 43,
44, 45, 1551, 1550, 44,
45, 46, 1551, 1550, 45,
46, 47, 1551, 1550, 46,
47, 48, 1551, 1550, 47,
48, 49, 1551, 1550, 48,
0, 1, 1601, 1600, 0,
1, 2, 1601, 1600, 1,
2, 3, 1601, 1600, 2,
3, 4, 1601, 1600, 3,
4, 5, 1601, 1600, 4,
5, 6, 1601, 1600, 5,
6, 7, 1601, 1600, 6,
7, 8, 1601, 1600, 7,
8, 9, 1601, 1600, 8,
9, 10, 1601, 1600, 9,
10, 11, 1601, 1600, 10,
11, 12, 1601, 1600, 11,
12, 13, 1601, 1600, 12,
13, 14, 1601, 1600, 13,
14, 15, 1601, 1600, 14,
15, 16, 1601, 1600, 15,
16, 17, 1601, 1600, 16,
17, 18, 1601, 1600, 17,
18, 19, 1601, 1600, 18,
19, 20, 1601, 1600, 19,
20, 21, 1601, 1600, 20,
21, 22, 1601, 1600, 21,
22, 23, 1601, 1600, 22,
23, 24, 1601, 1600, 23,
24, 25, 1601, 1600, 24,
25, 26, 1601, 1600, 25,
26, 27, 1601, 1600, 26,
27, 28, 1601, 1600, 27,
28, 29, 1601, 1600, 28,
29, 30, 1601, 1600, 29,
30, 31, 1601, 1600, 30,
31, 32, 1601, 1600, 31,
32, 33, 1601, 1600, 32,
33, 34, 1601, 1600, 33,
34, 35, 1601, 1600, 34,
35, 36, 1601, 1600, 35,
36, 37, 1601, 1600, 36,
37, 38, 1601, 1600, 37,
38, 39, 1601, 1600, 38,
39, 40, 1601, 1600, 39,
40, 41, 1601, 1600, 40,
41, 42, 1601, 1600, 41,
42, 43, 1601, 1600, 42,
43, 44, 1601, 1600, 43,
44, 45, 1601, 1600, 44,
45, 46, 1601, 1600, 45,
46, 47, 1601, 1600, 46,
47, 48, 1601, 1600, 47,
48, 49, 1601, 1600, 48,
0, 1, 1651, 1650, 0,
1, 2, 1651, 1650, 1,
2, 3, 1651, 1650, 2,
3, 4, 1651, 1650, 3,
4, 5, 1651, 1650, 4,
5, 6, 1651, 1650, 5,
6, 7, 1651, 1650, 6,
7, 8, 1651, 1650, 7,
8, 9, 1651, 1650, 8,
9, 10, 1651, 1650, 9,
10, 11, 1651, 1650, 10,
11, 12, 1651, 1650, 11,
12, 13, 1651, 1650, 12,
13, 14, 1651, 1650, 13,
14, 15, 1651, 1650, 14,
15, 16, 1651, 1650, 15,
16, 17, 1651, 1650, 16,
17, 18, 1651, 1650, 17,
18, 19, 1651, 1650, 18,
19, 20, 1651, 1650, 19,
20, 21, 1651, 1650, 20,
21, 22, 1651, 1650, 21,
22, 23, 1651, 1650, 22,
23, 24, 1651, 1650, 23,
24, 25, 1651, 1650, 24,
25, 26, 1651, 1650, 25,
26, 27, 1651, 1650, 26,
27, 28, 1651, 1650, 27,
28, 29, 1651, 1650, 28,
29, 30, 1651, 1650, 29,
30, 31, 1651, 1650, 30,
31, 32, 1651, 1650, 31,
32, 33, 1651, 1650, 32,
33, 34, 1651, 1650, 33,
34, 35, 1651, 1650, 34,
35, 36, 1651, 1650, 35,
36, 37, 1651, 1650, 36,
37, 38, 1651, 1650, 37,
38, 39, 1651, 1650, 38,
39, 40, 1651, 1650, 39,
40, 41, 1651, 1650, 40,
41, 42, 1651, 1650, 41,
42, 43, 1651, 1650, 42,
43, 44, 1651, 1650, 43,
44, 45, 1651, 1650, 44,
45, 46, 1651, 1650, 45,
46, 47, 1651, 1650, 46,
47, 48, 1651, 1650, 47,
48, 49, 1651, 1650, 48,
0, 1, 1701, 1700, 0,
1, 2, 1701, 1700, 1,
2, 3, 1701, 1700, 2,
3, 4, 1701, 1700, 3,
4, 5, 1701, 1700, 4,
5, 6, 1701, 1700, 5,
6, 7, 1701, 1700, 6,
7, 8, 1701, 1700, 7,
8, 9, 1701, 1700, 8,
9, 10, 1701, 1700, 9,
10, 11, 1701, 1700, 10,
11, 12, 1701, 1700, 11,
12, 13, 1701, 1700, 12,
13, 14, 1701, 1700, 13,
14, 15, 1701, 1700, 14,
15, 16, 1701, 1700, 15,
16, 17, 1701, 1700, 16,
17, 18, 1701, 1700, 17,
18, 19, 1701, 1700, 18,
19, 20, 1701, 1700, 19,
20, 21, 1701, 1700, 20,
21, 22, 1701, 1700, 21,
22, 23, 1701, 1700, 22,
23, 24, 1701, 1700, 23,
24, 25, 1701, 1700, 24,
25, 26, 1701, 1700, 25,
26, 27, 1701, 1700, 26,
27, 28, 1701, 1700, 27,
28, 29, 1701, 1700, 28,
29, 30, 1701, 1700, 29,
30, 31, 1701, 1700, 30,
31, 32, 1701, 1700, 31,
32, 33, 1701, 1700, 32,
33, 34, 1701, 1700, 33,
34, 35, 1701, 1700, 34,
35, 36, 1701, 1700, 35,
36, 37, 1701, 1700, 36,
37, 38, 1701, 1700, 37,
38, 39, 1701, 1700, 38,
39, 40, 1701, 1700, 39,
40, 41, 1701, 1700, 40,
41, 42, 1701, 1700, 41,
42, 43, 1701, 1700, 42,
43, 44, 1701, 1700, 43,
44, 45, 1701, 1700, 44,
45, 46, 1701, 1700, 45,
46, 47, 1701, 1700, 46,
47, 48, 1701, 1700, 47,
48, 49, 1701, 1700, 48,
0, 1, 1751, 1750, 0,
1, 2, 1751, 1750, 1,
2, 3, 1751, 1750, 2,
3, 4, 1751, 1750, 3,
4, 5, 1751, 1750, 4,
5, 6, 1751, 1750, 5,
6, 7, 1751, 1750, 6,
7, 8, 1751, 1750, 7,
8, 9, 1751, 1750, 8,
9, 10, 1751, 1750, 9,
10, 11, 1751, 1750, 10,
11, 12, 1751, 1750, 11,
12, 13, 1751, 1750, 12,
13, 14, 1751, 1750, 13,
14, 15, 1751, 1750, 14,
15, 16, 1751, 1750, 15,
16, 17, 1751, 1750, 16,
17, 18, 1751, 1750, 17,
18, 19, 1751, 1750, 18,
19, 20, 1751, 1750, 19,
20, 21, 1751, 1750, 20,
21, 22, 1751, 1750, 21,
22, 23, 1751, 1750, 22,
23, 24, 1751, 1750, 23,
24, 25, 1751, 1750, 24,
25, 26, 1751, 1750, 25,
26, 27, 1751, 1750, 26,
27, 28, 1751, 1750, 27,
28, 29, 1751, 1750, 28,
29, 30, 1751, 1750, 29,
30, 31, 1751, 1750, 30,
31, 32, 1751, 1750, 31,
32, 33, 1751, 1750, 32,
33, 34, 1751, 1750, 33,
34, 35, 1751, 1750, 34,
35, 36, 1751, 1750, 35,
36, 37, 1751, 1750, 36,
37, 38, 1751, 1750, 37,
38, 39, 1751, 1750, 38,
39, 40, 1751, 1750, 39,
40, 41, 1751, 1750, 40,
41, 42, 1751, 1750, 41,
42, 43, 1751, 1750, 42,
43, 44, 1751, 1750, 43,
44, 45, 1751, 1750, 44,
45, 46, 1751, 1750, 45,
46, 47, 1751, 1750, 46,
47, 48, 1751, 1750, 47,
48, 49, 1751, 1750, 48,
0, 1, 1801, 1800, 0,
1, 2, 1801, 1800, 1,
2, 3, 1801, 1800, 2,
3, 4, 1801, 1800, 3,
4, 5, 1801, 1800, 4,
5, 6, 1801, 1800, 5,
6, 7, 1801, 1800, 6,
7, 8, 1801, 1800, 7,
8, 9, 1801, 1800, 8,
9, 10, 1801, 1800, 9,
10, 11, 1801, 1800, 10,
11, 12, 1801, 1800, 11,
12, 13, 1801, 1800, 12,
13, 14, 1801, 1800, 13,
14, 15, 1801, 1800, 14,
15, 16, 1801, 1800, 15,
16, 17, 1801, 1800, 16,
17, 18, 1801, 1800, 17,
18, 19, 1801, 1800, 18,
19, 20, 1801, 1800, 19,
20, 21, 1801, 1800, 20,
21, 22, 1801, 1800, 21,
22, 23, 1801, 1800, 22,
23, 24, 1801, 1800, 23,
24, 25, 1801, 1800, 24,
25, 26, 1801, 1800, 25,
26, 27, 1801, 1800, 26,
27, 28, 1801, 1800, 27,
28, 29, 1801, 1800, 28,
29, 30, 1801, 1800, 29,
30, 31, 1801, 1800, 30,
31, 32, 1801, 1800, 31,
32, 33, 1801, 1800, 32,
33, 34, 1801, 1800, 33,
34, 35, 1801, 1800, 34,
35, 36, 1801, 1800, 35,
36, 37, 1801, 1800, 36,
37, 38, 1801, 1800, 37,
38, 39, 1801, 1800, 38,
39, 40, 1801, 1800, 39,
40, 41, 1801, 1800, 40,
41, 42, 1801, 1800, 41,
42, 43, 1801, 1800, 42,
43, 44, 1801, 1800, 43,
44, 45, 1801, 1800, 44,
45, 46, 1801, 1800, 45,
46, 47, 1801, 1800, 46,
47, 48, 1801, 1800, 47,
48, 49, 1801, 1800, 48,
0, 1, 1851, 1850, 0,
1, 2, 1851, 1850, 1,
2, 3, 1851, 1850, 2,
3, 4, 1851, 1850, 3,
4, 5, 1851, 1850, 4,
5, 6, 1851, 1850, 5,
6, 7, 1851, 1850, 6,
7, 8, 1851, 1850, 7,
8, 9, 1851, 1850, 8,
9, 10, 1851, 1850, 9,
10, 11, 1851, 1850, 10,
11, 12, 1851, 1850, 11,
12, 13, 1851, 1850, 12,
13, 14, 1851, 1850, 13,
14, 15, 1851, 1850, 14,
15, 16, 1851, 1850, 15,
16, 17, 1851, 1850, 16,
17, 18, 1851, 1850, 17,
18, 19, 1851, 1850, 18,
19, 20, 1851, 1850, 19,
20, 21, 1851, 1850, 20,
21, 22, 1851, 1850, 21,
22, 23, 1851, 1850, 22,
23, 24, 1851, 1850, 23,
24, 25, 1851, 1850, 24,
25, 26, 1851, 1850, 25,
26, 27, 1851, 1850, 26,
27, 28, 1851, 1850, 27,
28, 29, 1851, 1850, 28,
29, 30, 1851, 1850, 29,
30, 31, 1851, 1850, 30,
31, 32, 1851, 1850, 31,
32, 33, 1851, 1850, 32,
33, 34, 1851, 1850, 33,
34, 35, 1851, 1850, 34,
35, 36, 1851, 1850, 35,
36, 37, 1851, 1850, 36,
37, 38, 1851, 1850, 37,
38, 39, 1851, 1850, 38,
39, 40, 1851, 1850, 39,
40, 41, 1851, 1850, 40,
41, 42, 1851, 1850, 41,
42, 43, 1851, 1850, 42,
43, 44, 1851, 1850, 43,
44, 45, 1851, 1850, 44,
45, 46, 1851, 1850, 45,
46, 47, 1851, 1850, 46,
47, 48, 1851, 1850, 47,
48, 49, 1851, 1850, 48,
0, 1, 1901, 1900, 0,
1, 2, 1901, 1900, 1,
2, 3, 1901, 1900, 2,
3, 4, 1901, 1900, 3,
4, 5, 1901, 1900, 4,
5, 6, 1901, 1900, 5,
6, 7, 1901, 1900, 6,
7, 8, 1901, 1900, 7,
8, 9, 1901, 1900, 8,
9, 10, 1901, 1900, 9,
10, 11, 1901, 1900, 10,
11, 12, 1901, 1900, 11,
12, 13, 1901, 1900, 12,
13, 14, 1901, 1900, 13,
14, 15, 1901, 1900, 14,
15, 16, 1901, 1900, 15,
16, 17, 1901, 1900, 16,
17, 18, 1901, 1900, 17,
18, 19, 1901, 1900, 18,
19, 20, 1901, 1900, 19,
20, 21, 1901, 1900, 20,
21, 22, 1901, 1900, 21,
22, 23, 1901, 1900, 22,
23, 24, 1901, 1900, 23,
24, 25, 1901, 1900, 24,
25, 26, 1901, 1900, 25,
26, 27, 1901, 1900, 26,
27, 28, 1901, 1900, 27,
28, 29, 1901, 1900, 28,
29, 30, 1901, 1900, 29,
30, 31, 1901, 1900, 30,
31, 32, 1901, 1900, 31,
32, 33, 1901, 1900, 32,
33, 34, 1901, 1900, 33,
34, 35, 1901, 1900, 34,
35, 36, 1901, 1900, 35,
36, 37, 1901, 1900, 36,
37, 38, 1901, 1900, 37,
38, 39, 1901, 1900, 38,
39, 40, 1901, 1900, 39,
40, 41, 1901, 1900, 40,
41, 42, 1901, 1900, 41,
42, 43, 1901, 1900, 42,
43, 44, 1901, 1900, 43,
44, 45, 1901, 1900, 44,
45, 46, 1901, 1900, 45,
46, 47, 1901, 1900, 46,
47, 48, 1901, 1900, 47,
48, 49, 1901, 1900, 48,
0, 1, 1951, 1950, 0,
1, 2, 1951, 1950, 1,
2, 3, 1951, 1950, 2,
3, 4, 1951, 1950, 3,
4, 5, 1951, 1950, 4,
5, 6, 1951, 1950, 5,
6, 7, 1951, 1950, 6,
7, 8, 1951, 1950, 7,
8, 9, 1951, 1950, 8,
9, 10, 1951, 1950, 9,
10, 11, 1951, 1950, 10,
11, 12, 1951, 1950, 11,
12, 13, 1951, 1950, 12,
13, 14, 1951, 1950, 13,
14, 15, 1951, 1950, 14,
15, 16, 1951, 1950, 15,
16, 17, 1951, 1950, 16,
17, 18, 1951, 1950, 17,
18, 19, 1951, 1950, 18,
19, 20, 1951, 1950, 19,
20, 21, 1951, 1950, 20,
21, 22, 1951, 1950, 21,
22, 23, 1951, 1950, 22,
23, 24, 1951, 1950, 23,
24, 25, 1951, 1950, 24,
25, 26, 1951, 1950, 25,
26, 27, 1951, 1950, 26,
27, 28, 1951, 1950, 27,
28, 29, 1951, 1950, 28,
29, 30, 1951, 1950, 29,
30, 31, 1951, 1950, 30,
31, 32, 1951, 1950, 31,
32, 33, 1951, 1950, 32,
33, 34, 1951, 1950, 33,
34, 35, 1951, 1950, 34,
35, 36, 1951, 1950, 35,
36, 37, 1951, 1950, 36,
37, 38, 1951, 1950, 37,
38, 39, 1951, 1950, 38,
39, 40, 1951, 1950, 39,
40, 41, 1951, 1950, 40,
41, 42, 1951, 1950, 41,
42, 43, 1951, 1950, 42,
43, 44, 1951, 1950, 43,
44, 45, 1951, 1950, 44,
45, 46, 1951, 1950, 45,
46, 47, 1951, 1950, 46,
47, 48, 1951, 1950, 47,
48, 49, 1951, 1950, 48,
0, 1, 2001, 2000, 0,
1, 2, 2001, 2000, 1,
2, 3, 2001, 2000, 2,
3, 4, 2001, 2000, 3,
4, 5, 2001, 2000, 4,
5, 6, 2001, 2000, 5,
6, 7, 2001, 2000, 6,
7, 8, 2001, 2000, 7,
8, 9, 2001, 2000, 8,
9, 10, 2001, 2000, 9,
10, 11, 2001, 2000, 10,
11, 12, 2001, 2000, 11,
12, 13, 2001, 2000, 12,
13, 14, 2001, 2000, 13,
14, 15, 2001, 2000, 14,
15, 16, 2001, 2000, 15,
16, 17, 2001, 2000, 16,
17, 18, 2001, 2000, 17,
18, 19, 2001, 2000, 18,
19, 20, 2001, 2000, 19,
20, 21, 2001, 2000, 20,
21, 22, 2001, 2000, 21,
22, 23, 2001, 2000, 22,
23, 24, 2001, 2000, 23,
24, 25, 2001, 2000, 24,
25, 26, 2001, 2000, 25,
26, 27, 2001, 2000, 26,
27, 28, 2001, 2000, 27,
28, 29, 2001, 2000, 28,
29, 30, 2001, 2000, 29,
30, 31, 2001, 2000, 30,
31, 32, 2001, 2000, 31,
32, 33, 2001, 2000, 32,
33, 34, 2001, 2000, 33,
34, 35, 2001, 2000, 34,
35, 36, 2001, 2000, 35,
36, 37, 2001, 2000, 36,
37, 38, 2001, 2000, 37,
38, 39, 2001, 2000, 38,
39, 40, 2001, 2000, 39,
40, 41, 2001, 2000, 40,
41, 42, 2001, 2000, 41,
42, 43, 2001, 2000, 42,
43, 44, 2001, 2000, 43,
44, 45, 2001, 2000, 44,
45, 46, 2001, 2000, 45,
46, 47, 2001, 2000, 46,
47, 48, 2001, 2000, 47,
48, 49, 2001, 2000, 48,
0, 1, 2051, 2050, 0,
1, 2, 2051, 2050, 1,
2, 3, 2051, 2050, 2,
3, 4, 2051, 2050, 3,
4, 5, 2051, 2050, 4,
5, 6, 2051, 2050, 5,
6, 7, 2051, 2050, 6,
7, 8, 2051, 2050, 7,
8, 9, 2051, 2050, 8,
9, 10, 2051, 2050, 9,
10, 11, 2051, 2050, 10,
11, 12, 2051, 2050, 11,
12, 13, 2051, 2050, 12,
13, 14, 2051, 2050, 13,
14, 15, 2051, 2050, 14,
15, 16, 2051, 2050, 15,
16, 17, 2051, 2050, 16,
17, 18, 2051, 2050, 17,
18, 19, 2051, 2050, 18,
19, 20, 2051, 2050, 19,
20, 21, 2051, 2050, 20,
21, 22, 2051, 2050, 21,
22, 23, 2051, 2050, 22,
23, 24, 2051, 2050, 23,
24, 25, 2051, 2050, 24,
25, 26, 2051, 2050, 25,
26, 27, 2051, 2050, 26,
27, 28, 2051, 2050, 27,
28, 29, 2051, 2050, 28,
29, 30, 2051, 2050, 29,
30, 31, 2051, 2050, 30,
31, 32, 2051, 2050, 31,
32, 33, 2051, 2050, 32,
33, 34, 2051, 2050, 33,
34, 35, 2051, 2050, 34,
35, 36, 2051, 2050, 35,
36, 37, 2051, 2050, 36,
37, 38, 2051, 2050, 37,
38, 39, 2051, 2050, 38,
39, 40, 2051, 2050, 39,
40, 41, 2051, 2050, 40,
41, 42, 2051, 2050, 41,
42, 43, 2051, 2050, 42,
43, 44, 2051, 2050, 43,
44, 45, 2051, 2050, 44,
45, 46, 2051, 2050, 45,
46, 47, 2051, 2050, 46,
47, 48, 2051, 2050, 47,
48, 49, 2051, 2050, 48,
0, 1, 2101, 2100, 0,
1, 2, 2101, 2100, 1,
2, 3, 2101, 2100, 2,
3, 4, 2101, 2100, 3,
4, 5, 2101, 2100, 4,
5, 6, 2101, 2100, 5,
6, 7, 2101, 2100, 6,
7, 8, 2101, 2100, 7,
8, 9, 2101, 2100, 8,
9, 10, 2101, 2100, 9,
10, 11, 2101, 2100, 10,
11, 12, 2101, 2100, 11,
12, 13, 2101, 2100, 12,
13, 14, 2101, 2100, 13,
14, 15, 2101, 2100, 14,
15, 16, 2101, 2100, 15,
16, 17, 2101, 2100, 16,
17, 18, 2101, 2100, 17,
18, 19, 2101, 2100, 18,
19, 20, 2101, 2100, 19,
20, 21, 2101, 2100, 20,
21, 22, 2101, 2100, 21,
22, 23, 2101, 2100, 22,
23, 24, 2101, 2100, 23,
24, 25, 2101, 2100, 24,
25, 26, 2101, 2100, 25,
26, 27, 2101, 2100, 26,
27, 28, 2101, 2100, 27,
28, 29, 2101, 2100, 28,
29, 30, 2101, 2100, 29,
30, 31, 2101, 2100, 30,
31, 32, 2101, 2100, 31,
32, 33, 2101, 2100, 32,
33, 34, 2101, 2100, 33,
34, 35, 2101, 2100, 34,
35, 36, 2101, 2100, 35,
36, 37, 2101, 2100, 36,
37, 38, 2101, 2100, 37,
38, 39, 2101, 2100, 38,
39, 40, 2101, 2100, 39,
40, 41, 2101, 2100, 40,
41, 42, 2101, 2100, 41,
42, 43, 2101, 2100, 42,
43, 44, 2101, 2100, 43,
44, 45, 2101, 2100, 44,
45, 46, 2101, 2100, 45,
46, 47, 2101, 2100, 46,
47, 48, 2101, 2100, 47,
48, 49, 2101, 2100, 48,
0, 1, 2151, 2150, 0,
1, 2, 2151, 2150, 1,
2, 3, 2151, 2150, 2,
3, 4, 2151, 2150, 3,
4, 5, 2151, 2150, 4,
5, 6, 2151, 2150, 5,
6, 7, 2151, 2150, 6,
7, 8, 2151, 2150, 7,
8, 9, 2151, 2150, 8,
9, 10, 2151, 2150, 9,
10, 11, 2151, 2150, 10,
11, 12, 2151, 2150, 11,
12, 13, 2151, 2150, 12,
13, 14, 2151, 2150, 13,
14, 15, 2151, 2150, 14,
15, 16, 2151, 2150, 15,
16, 17, 2151, 2150, 16,
17, 18, 2151, 2150, 17,
18, 19, 2151, 2150, 18,
19, 20, 2151, 2150, 19,
20, 21, 2151, 2150, 20,
21, 22, 2151, 2150, 21,
22, 23, 2151, 2150, 22,
23, 24, 2151, 2150, 23,
24, 25, 2151, 2150, 24,
25, 26, 2151, 2150, 25,
26, 27, 2151, 2150, 26,
27, 28, 2151, 2150, 27,
28, 29, 2151, 2150, 28,
29, 30, 2151, 2150, 29,
30, 31, 2151, 2150, 30,
31, 32, 2151, 2150, 31,
32, 33, 2151, 2150, 32,
33, 34, 2151, 2150, 33,
34, 35, 2151, 2150, 34,
35, 36, 2151, 2150, 35,
36, 37, 2151, 2150, 36,
37, 38, 2151, 2150, 37,
38, 39, 2151, 2150, 38,
39, 40, 2151, 2150, 39,
40, 41, 2151, 2150, 40,
41, 42, 2151, 2150, 41,
42, 43, 2151, 2150, 42,
43, 44, 2151, 2150, 43,
44, 45, 2151, 2150, 44,
45, 46, 2151, 2150, 45,
46, 47, 2151, 2150, 46,
47, 48, 2151, 2150, 47,
48, 49, 2151, 2150, 48,
0, 1, 2201, 2200, 0,
1, 2, 2201, 2200, 1,
2, 3, 2201, 2200, 2,
3, 4, 2201, 2200, 3,
4, 5, 2201, 2200, 4,
5, 6, 2201, 2200, 5,
6, 7, 2201, 2200, 6,
7, 8, 2201, 2200, 7,
8, 9, 2201, 2200, 8,
9, 10, 2201, 2200, 9,
10, 11, 2201, 2200, 10,
11, 12, 2201, 2200, 11,
12, 13, 2201, 2200, 12,
13, 14, 2201, 2200, 13,
14, 15, 2201, 2200, 14,
15, 16, 2201, 2200, 15,
16, 17, 2201, 2200, 16,
17, 18, 2201, 2200, 17,
18, 19, 2201, 2200, 18,
19, 20, 2201, 2200, 19,
20, 21, 2201, 2200, 20,
21, 22, 2201, 2200, 21,
22, 23, 2201, 2200, 22,
23, 24, 2201, 2200, 23,
24, 25, 2201, 2200, 24,
25, 26, 2201, 2200, 25,
26, 27, 2201, 2200, 26,
27, 28, 2201, 2200, 27,
28, 29, 2201, 2200, 28,
29, 30, 2201, 2200, 29,
30, 31, 2201, 2200, 30,
31, 32, 2201, 2200, 31,
32, 33, 2201, 2200, 32,
33, 34, 2201, 2200, 33,
34, 35, 2201, 2200, 34,
35, 36, 2201, 2200, 35,
36, 37, 2201, 2200, 36,
37, 38, 2201, 2200, 37,
38, 39, 2201, 2200, 38,
39, 40, 2201, 2200, 39,
40, 41, 2201, 2200, 40,
41, 42, 2201, 2200, 41,
42, 43, 2201, 2200, 42,
43, 44, 2201, 2200, 43,
44, 45, 2201, 2200, 44,
45, 46, 2201, 2200, 45,
46, 47, 2201, 2200, 46,
47, 48, 2201, 2200, 47,
48, 49, 2201, 2200, 48,
0, 1, 2251, 2250, 0,
1, 2, 2251, 2250, 1,
2, 3, 2251, 2250, 2,
3, 4, 2251, 2250, 3,
4, 5, 2251, 2250, 4,
5, 6, 2251, 2250, 5,
6, 7, 2251, 2250, 6,
7, 8, 2251, 2250, 7,
8, 9, 2251, 2250, 8,
9, 10, 2251, 2250, 9,
10, 11, 2251, 2250, 10,
11, 12, 2251, 2250, 11,
12, 13, 2251, 2250, 12,
13, 14, 2251, 2250, 13,
14, 15, 2251, 2250, 14,
15, 16, 2251, 2250, 15,
16, 17, 2251, 2250, 16,
17, 18, 2251, 2250, 17,
18, 19, 2251, 2250, 18,
19, 20, 2251, 2250, 19,
20, 21, 2251, 2250, 20,
21, 22, 2251, 2250, 21,
22, 23, 2251, 2250, 22,
23, 24, 2251, 2250, 23,
24, 25, 2251, 2250, 24,
25, 26, 2251, 2250, 25,
26, 27, 2251, 2250, 26,
27, 28, 2251, 2250, 27,
28, 29, 2251, 2250, 28,
29, 30, 2251, 2250, 29,
30, 31, 2251, 2250, 30,
31, 32, 2251, 2250, 31,
32, 33, 2251, 2250, 32,
33, 34, 2251, 2250, 33,
34, 35, 2251, 2250, 34,
35, 36, 2251, 2250, 35,
36, 37, 2251, 2250, 36,
37, 38, 2251, 2250, 37,
38, 39, 2251, 2250, 38,
39, 40, 2251, 2250, 39,
40, 41, 2251, 2250, 40,
41, 42, 2251, 2250, 41,
42, 43, 2251, 2250, 42,
43, 44, 2251, 2250, 43,
44, 45, 2251, 2250, 44,
45, 46, 2251, 2250, 45,
46, 47, 2251, 2250, 46,
47, 48, 2251, 2250, 47,
48, 49, 2251, 2250, 48,
0, 1, 2301, 2300, 0,
1, 2, 2301, 2300, 1,
2, 3, 2301, 2300, 2,
3, 4, 2301, 2300, 3,
4, 5, 2301, 2300, 4,
5, 6, 2301, 2300, 5,
6, 7, 2301, 2300, 6,
7, 8, 2301, 2300, 7,
8, 9, 2301, 2300, 8,
9, 10, 2301, 2300, 9,
10, 11, 2301, 2300, 10,
11, 12, 2301, 2300, 11,
12, 13, 2301, 2300, 12,
13, 14, 2301, 2300, 13,
14, 15, 2301, 2300, 14,
15, 16, 2301, 2300, 15,
16, 17, 2301, 2300, 16,
17, 18, 2301, 2300, 17,
18, 19, 2301, 2300, 18,
19, 20, 2301, 2300, 19,
20, 21, 2301, 2300, 20,
21, 22, 2301, 2300, 21,
22, 23, 2301, 2300, 22,
23, 24, 2301, 2300, 23,
24, 25, 2301, 2300, 24,
25, 26, 2301, 2300, 25,
26, 27, 2301, 2300, 26,
27, 28, 2301, 2300, 27,
28, 29, 2301, 2300, 28,
29, 30, 2301, 2300, 29,
30, 31, 2301, 2300, 30,
31, 32, 2301, 2300, 31,
32, 33, 2301, 2300, 32,
33, 34, 2301, 2300, 33,
34, 35, 2301, 2300, 34,
35, 36, 2301, 2300, 35,
36, 37, 2301, 2300, 36,
37, 38, 2301, 2300, 37,
38, 39, 2301, 2300, 38,
39, 40, 2301, 2300, 39,
40, 41, 2301, 2300, 40,
41, 42, 2301, 2300, 41,
42, 43, 2301, 2300, 42,
43, 44, 2301, 2300, 43,
44, 45, 2301, 2300, 44,
45, 46, 2301, 2300, 45,
46, 47, 2301, 2300, 46,
47, 48, 2301, 2300, 47,
48, 49, 2301, 2300, 48,
0, 1, 2351, 2350, 0,
1, 2, 2351, 2350, 1,
2, 3, 2351, 2350, 2,
3, 4, 2351, 2350, 3,
4, 5, 2351, 2350, 4,
5, 6, 2351, 2350, 5,
6, 7, 2351, 2350, 6,
7, 8, 2351, 2350, 7,
8, 9, 2351, 2350, 8,
9, 10, 2351, 2350, 9,
10, 11, 2351, 2350, 10,
11, 12, 2351, 2350, 11,
12, 13, 2351, 2350, 12,
13, 14, 2351, 2350, 13,
14, 15, 2351, 2350, 14,
15, 16, 2351, 2350, 15,
16, 17, 2351, 2350, 16,
17, 18, 2351, 2350, 17,
18, 19, 2351, 2350, 18,
19, 20, 2351, 2350, 19,
20, 21, 2351, 2350, 20,
21, 22, 2351, 2350, 21,
22, 23, 2351, 2350, 22,
23, 24, 2351, 2350, 23,
24, 25, 2351, 2350, 24,
25, 26, 2351, 2350, 25,
26, 27, 2351, 2350, 26,
27, 28, 2351, 2350, 27,
28, 29, 2351, 2350, 28,
29, 30, 2351, 2350, 29,
30, 31, 2351, 2350, 30,
31, 32, 2351, 2350, 31,
32, 33, 2351, 2350, 32,
33, 34, 2351, 2350, 33,
34, 35, 2351, 2350, 34,
35, 36, 2351, 2350, 35,
36, 37, 2351, 2350, 36,
37, 38, 2351, 2350, 37,
38, 39, 2351, 2350, 38,
39, 40, 2351, 2350, 39,
40, 41, 2351, 2350, 40,
41, 42, 2351, 2350, 41,
42, 43, 2351, 2350, 42,
43, 44, 2351, 2350, 43,
44, 45, 2351, 2350, 44,
45, 46, 2351, 2350, 45,
46, 47, 2351, 2350, 46,
47, 48, 2351, 2350, 47,
48, 49, 2351, 2350, 48,
0, 1, 2401, 2400, 0,
1, 2, 2401, 2400, 1,
2, 3, 2401, 2400, 2,
3, 4, 2401, 2400, 3,
4, 5, 2401, 2400, 4,
5, 6, 2401, 2400, 5,
6, 7, 2401, 2400, 6,
7, 8, 2401, 2400, 7,
8, 9, 2401, 2400, 8,
9, 10, 2401, 2400, 9,
10, 11, 2401, 2400, 10,
11, 12, 2401, 2400, 11,
12, 13, 2401, 2400, 12,
13, 14, 2401, 2400, 13,
14, 15, 2401, 2400, 14,
15, 16, 2401, 2400, 15,
16, 17, 2401, 2400, 16,
17, 18, 2401, 2400, 17,
18, 19, 2401, 2400, 18,
19, 20, 2401, 2400, 19,
20, 21, 2401, 2400, 20,
21, 22, 2401, 2400, 21,
22, 23, 2401, 2400, 22,
23, 24, 2401, 2400, 23,
24, 25, 2401, 2400, 24,
25, 26, 2401, 2400, 25,
26, 27, 2401, 2400, 26,
27, 28, 2401, 2400, 27,
28, 29, 2401, 2400, 28,
29, 30, 2401, 2400, 29,
30, 31, 2401, 2400, 30,
31, 32, 2401, 2400, 31,
32, 33, 2401, 2400, 32,
33, 34, 2401, 2400, 33,
34, 35, 2401, 2400, 34,
35, 36, 2401, 2400, 35,
36, 37, 2401, 2400, 36,
37, 38, 2401, 2400, 37,
38, 39, 2401, 2400, 38,
39, 40, 2401, 2400, 39,
40, 41, 2401, 2400, 40,
41, 42, 2401, 2400, 41,
42, 43, 2401, 2400, 42,
43, 44, 2401, 2400, 43,
44, 45, 2401, 2400, 44,
45, 46, 2401, 2400, 45,
46, 47, 2401, 2400, 46,
47, 48, 2401, 2400, 47,
48, 49, 2401, 2400, 48};

